[array([0.758593, 0.726086]), array([0.752636, 0.876564]), array([0.522584, 0.641593, 0.359176]), array([0.530234, 0.478202, 0.370938, 0.275756]), array([0.249024, 0.839567, 0.911868, 0.954667]), array([0.753021, 0.147779, 0.764936, 0.770148, 0.044693]), array([0.082731, 0.484759, 0.279806, 0.294269, 0.40872 , 0.719263]), array([0.081283, 0.059042, 0.055313, 0.114937, 0.392227, 0.789348,
       0.567267, 0.931456])]
[array([0.292952, 0.646862]), array([0.801933, 0.361611]), array([0.825538, 0.573767, 0.293159]), array([0.510489, 0.404398, 0.437596, 0.344825]), array([0.128898, 0.952902, 0.771331, 0.50322 ]), array([0.224208, 0.684896, 0.422543, 0.418996, 0.579892]), array([0.08046 , 0.348773, 0.532607, 0.648519, 0.129003, 0.684683]), array([0.087357, 0.342602, 0.061864, 0.140867, 0.692759, 0.541137,
       0.254324, 0.65123 ])]
[array([0.395546, 0.805829]), array([0.858572, 0.523935]), array([0.565325, 0.812752, 0.332891]), array([0.478065, 0.452968, 0.47436 , 0.306532]), array([0.355176, 0.947655, 0.932016, 0.928354]), array([0.532328, 0.245278, 0.684577, 0.685785, 0.128909]), array([0.028619, 0.349476, 0.211105, 0.138869, 0.315087, 0.765714]), array([0.097378, 0.044393, 0.41553 , 0.25116 , 0.333159, 0.6759  ,
       0.35272 , 0.943765])]
[array([0.47207 , 0.889661]), array([0.828467, 0.70056 ]), array([0.519887, 0.820892, 0.391404]), array([0.766273, 0.198275, 0.257986, 0.272166]), array([0.513786, 0.425447, 0.51845 , 0.577222]), array([0.849919, 0.10339 , 0.320546, 0.363306, 0.366673]), array([0.375313, 0.819356, 0.541125, 0.249676, 0.389799, 0.505818]), array([0.22459 , 0.209255, 0.151249, 0.074842, 0.646991, 0.452938,
       0.258739, 0.697825])]
[array([0.410611, 0.328084]), array([0.395937, 0.789559]), array([0.466303, 0.285405, 0.415157]), array([0.769522, 0.491948, 0.375364, 0.77317 ]), array([0.270116, 0.512029, 0.483304, 0.786213]), array([0.704237, 0.576957, 0.757938, 0.565834, 0.305903]), array([0.514268, 0.174887, 0.651056, 0.712418, 0.492356, 0.283453]), array([0.151258, 0.293419, 0.10809 , 0.065546, 0.525069, 0.450335,
       0.246759, 0.528766])]
[array([0.683582, 0.698176]), array([0.89741 , 0.535695]), array([0.231955, 0.547785, 0.751627]), array([0.806675, 0.688524, 0.720649, 0.566022]), array([0.34338 , 0.91337 , 0.837098, 0.967851]), array([0.192849, 0.70363 , 0.29211 , 0.423609, 0.737237]), array([0.179211, 0.332576, 0.347202, 0.199856, 0.353134, 0.742883]), array([0.287247, 0.172038, 0.096901, 0.259438, 0.791954, 0.437922,
       0.21181 , 0.402197])]
[array([0.192509, 0.450503]), array([0.443541, 0.640398]), array([0.831965, 0.927221, 0.847269]), array([0.808804, 0.370731, 0.415933, 0.474136]), array([0.260671, 0.92718 , 0.456974, 0.969596]), array([0.591418, 0.183798, 0.343491, 0.57064 , 0.656004]), array([0.090176, 0.416899, 0.511352, 0.226735, 0.662324, 0.689974]), array([0.264303, 0.59486 , 0.09673 , 0.138859, 0.875695, 0.279401,
       0.293004, 0.839537])]
